948.459383 4.858657 3.254461 2.076975 10.216914 11.216488 1.010190 6.104601 2.920773 1.722713 6.004946 7.891481 2.970734 3.358837 2.648423 6.710587 4.762427 5.023118 7.643924 1.000000 3.497468 4.302456 1.000000 3.113550 2.083207 2.597837 10.042275 2.882974 1.000000 8.087347
4.858657 948.365180 1.000000 3.594008 1.000000 4.595229 3.128183 3.676781 5.346400 5.779158 1.000000 4.917833 7.661719 2.168240 5.032651 10.346253 3.954721 4.308181 11.932233 10.107322 1.000000 4.996015 1.939544 7.041001 4.786640 1.000000 3.887326 5.574060 15.123569 6.773682
3.254461 1.000000 950.629980 4.986116 3.576338 1.000000 10.233227 5.612328 1.814286 4.742238 7.268976 2.907785 2.654700 1.848958 5.488473 1.838237 1.517321 1.000000 10.640483 3.999963 8.608102 1.853349 1.692890 1.000000 5.170257 2.531170 2.183835 1.425178 9.235693 11.190213
2.076975 3.594008 4.986116 941.526285 2.088451 10.197813 4.390350 2.069112 1.741494 3.768209 8.186694 4.675249 2.080602 1.047615 5.816814 1.000000 1.825598 1.862854 1.000000 1.000868 9.862932 4.195550 1.000000 1.862292 4.311984 5.297822 9.566270 1.955940 1.000000 3.080942
10.216914 1.000000 3.576338 2.088451 957.489102 2.912819 1.000000 1.000000 2.991080 3.745646 1.786423 5.378725 4.689934 5.325253 4.656047 10.185586 5.984566 6.981195 1.000000 3.523976 7.248218 3.722604 1.576482 4.847345 5.323827 4.277907 5.416956 1.000000 5.082390 2.573886
11.216488 4.595229 1.000000 10.197813 2.912819 941.931431 7.278104 6.736934 10.520335 1.000000 1.000000 8.554472 5.303931 7.158920 1.508607 3.105101 2.608992 4.186778 1.389895 8.915174 1.000000 1.208138 2.200844 7.232837 6.534937 8.402821 2.184327 8.787107 4.692221 1.000000
1.010190 3.128183 10.233227 4.390350 1.000000 7.278104 940.073122 4.764076 7.041367 5.176403 4.128769 5.490832 1.186679 1.000000 6.736216 7.871382 4.107926 5.476813 8.521812 2.067139 9.023203 4.730696 1.754481 1.000000 12.040293 4.146777 9.470089 4.494967 1.000000 1.000000
6.104601 3.676781 5.612328 2.069112 1.000000 6.736934 4.764076 954.528689 2.730793 1.294385 6.121706 4.061434 4.329812 3.200065 10.798932 1.900497 6.248410 7.214473 2.172679 1.000000 5.081512 2.836118 1.000000 1.000000 5.101635 1.407231 3.313825 1.000000 2.493511 3.691031
2.920773 5.346400 1.814286 1.741494 2.991080 10.520335 7.041367 2.730793 945.411753 1.261526 6.924758 4.186323 1.000000 9.539507 2.926394 1.000000 1.000000 2.025586 11.710539 4.314607 5.224870 4.263373 1.728404 2.368667 6.136331 12.745021 6.769104 5.905978 12.946697 7.271991
1.722713 5.779158 4.742238 3.768209 3.745646 1.000000 5.176403 1.294385 1.261526 949.497393 8.534417 3.307878 6.306253 15.782004 2.426669 2.315795 5.322685 3.982250 10.049121 6.396097 7.272191 6.259903 1.385412 8.353949 1.000000 1.743606 1.095238 5.807616 2.150770 5.140406
6.004946 1.000000 7.268976 8.186694 1.786423 1.000000 4.128769 6.121706 6.924758 8.534417 946.090939 1.000000 1.000000 5.112746 11.727129 1.528147 5.883406 5.346252 1.153893 2.387945 1.123383 2.655129 11.016539 1.174510 1.789550 8.900973 7.776062 2.038340 1.000000 2.897485
7.891481 4.917833 2.907785 4.675249 5.378725 8.554472 5.490832 4.061434 4.186323 3.307878 1.000000 939.557084 6.743870 3.317174 1.000000 8.266687 3.695969 1.465802 6.635393 2.816481 4.056644 2.615585 2.647777 1.986237 12.757859 1.000000 1.563761 6.114408 7.264578 5.335114
2.970734 7.661719 2.654700 2.080602 4.689934 5.303931 1.186679 4.329812 1.000000 6.306253 1.000000 6.743870 943.208598 1.521887 12.782179 1.000000 3.123006 2.826904 3.247864 8.521895 1.000000 1.350043 9.525159 2.741367 1.342092 3.444794 1.000000 1.000000 4.225267 2.856161
3.358837 2.168240 1.848958 1.047615 5.325253 7.158920 1.000000 3.200065 9.539507 15.782004 5.112746 3.317174 1.521887 961.388108 2.447197 1.000000 7.644618 8.396753 7.168109 4.029971 9.772758 1.000000 2.012222 5.711640 6.738758 5.729180 1.719313 4.724496 9.955195 3.727825
2.648423 5.032651 5.488473 5.816814 4.656047 1.508607 6.736216 10.798932 2.926394 2.426669 11.727129 1.000000 12.782179 2.447197 964.693202 4.329504 7.642880 1.909229 1.000000 1.000000 1.000000 12.912734 11.580625 2.031579 4.212584 3.406704 2.980540 9.591188 8.726139 3.157702
6.710587 10.346253 1.838237 1.000000 10.185586 3.105101 7.871382 1.900497 1.000000 2.315795 1.528147 8.266687 1.000000 1.000000 4.329504 945.762738 3.928733 4.245144 6.403482 2.031205 3.514325 4.752384 1.000000 4.916710 3.343206 4.038209 1.000000 8.378448 1.000000 1.000000
4.762427 3.954721 1.517321 1.825598 5.984566 2.608992 4.107926 6.248410 1.000000 5.322685 5.883406 3.695969 3.123006 7.644618 7.642880 3.928733 955.400297 1.000000 7.044580 5.312393 4.871529 3.034200 7.054012 4.869041 6.912644 1.787643 10.557266 1.429565 4.215940 8.798328
5.023118 4.308181 1.000000 1.862854 6.981195 4.186778 5.476813 7.214473 2.025586 3.982250 5.346252 1.465802 2.826904 8.396753 1.909229 4.245144 1.000000 944.380055 1.802378 1.000000 1.968121 3.015338 3.434673 1.576795 4.791152 4.136611 11.230003 11.376237 1.000000 2.673977
7.643924 11.932233 10.640483 1.000000 1.000000 1.389895 8.521812 2.172679 11.710539 10.049121 1.153893 6.635393 3.247864 7.168109 1.000000 6.403482 7.044580 1.802378 956.034427 4.569978 1.000000 1.303171 1.283914 5.732393 3.136285 1.278036 1.000000 5.039114 1.131340 5.326330
1.000000 10.107322 3.999963 1.000868 3.523976 8.915174 2.067139 1.000000 4.314607 6.396097 2.387945 2.816481 8.521895 4.029971 1.000000 2.031205 5.312393 1.000000 4.569978 948.681886 1.391941 1.000000 3.598225 3.324094 4.695798 10.627941 7.930823 9.936781 4.011044 1.000000
3.497468 1.000000 8.608102 9.862932 7.248218 1.000000 9.023203 5.081512 5.224870 7.272191 1.123383 4.056644 1.000000 9.772758 1.000000 3.514325 4.871529 1.968121 1.000000 1.391941 960.376846 7.598220 2.554341 1.000000 1.264865 5.866060 3.129807 2.386664 7.101391 1.000000
4.302456 4.996015 1.853349 4.195550 3.722604 1.208138 4.730696 2.836118 4.263373 6.259903 2.655129 2.615585 1.350043 1.000000 12.912734 4.752384 3.034200 3.015338 1.303171 1.000000 7.598220 964.617163 4.595811 1.598639 10.889252 3.101698 3.655334 1.988121 5.285848 7.402464
1.000000 1.939544 1.692890 1.000000 1.576482 2.200844 1.754481 1.000000 1.728404 1.385412 11.016539 2.647777 9.525159 2.012222 11.580625 1.000000 7.054012 3.434673 1.283914 3.598225 2.554341 4.595811 949.637020 10.579817 4.517283 6.908565 4.304135 2.623802 4.673865 3.539368
3.113550 7.041001 1.000000 1.862292 4.847345 7.232837 1.000000 1.000000 2.368667 8.353949 1.174510 1.986237 2.741367 5.711640 2.031579 4.916710 4.869041 1.576795 5.732393 3.324094 1.000000 1.598639 10.579817 950.612233 1.749517 1.000000 2.517961 5.034065 1.000000 1.000000
2.083207 4.786640 5.170257 4.311984 5.323827 6.534937 12.040293 5.101635 6.136331 1.000000 1.789550 12.757859 1.342092 6.738758 4.212584 3.343206 6.912644 4.791152 3.136285 4.695798 1.264865 10.889252 4.517283 1.749517 950.788919 2.959352 10.380506 4.230087 1.463305 2.134900
2.597837 1.000000 2.531170 5.297822 4.277907 8.402821 4.146777 1.407231 12.745021 1.743606 8.900973 1.000000 3.444794 5.729180 3.406704 4.038209 1.787643 4.136611 1.278036 10.627941 5.866060 3.101698 6.908565 1.000000 2.959352 960.818346 4.611188 6.603310 5.896769 7.974998
10.042275 3.887326 2.183835 9.566270 5.416956 2.184327 9.470089 3.313825 6.769104 1.095238 7.776062 1.563761 1.000000 1.719313 2.980540 1.000000 10.557266 11.230003 1.000000 7.930823 3.129807 3.655334 4.304135 2.517961 10.380506 4.611188 939.178191 6.615643 2.374724 1.196784
2.882974 5.574060 1.425178 1.955940 1.000000 8.787107 4.494967 1.000000 5.905978 5.807616 2.038340 6.114408 1.000000 4.724496 9.591188 8.378448 1.429565 11.376237 5.039114 9.936781 2.386664 1.988121 2.623802 5.034065 4.230087 6.603310 6.615643 950.407867 5.593923 7.259499
1.000000 15.123569 9.235693 1.000000 5.082390 4.692221 1.000000 2.493511 12.946697 2.150770 1.000000 7.264578 4.225267 9.955195 8.726139 1.000000 4.215940 1.000000 1.131340 4.011044 7.101391 5.285848 4.673865 1.000000 1.463305 5.896769 2.374724 5.593923 939.498576 1.877884
8.087347 6.773682 11.190213 3.080942 2.573886 1.000000 1.000000 3.691031 7.271991 5.140406 2.897485 5.335114 2.856161 3.727825 3.157702 1.000000 8.798328 2.673977 5.326330 1.000000 1.000000 7.402464 3.539368 1.000000 2.134900 7.974998 1.196784 7.259499 1.877884 950.955188
